-188.55399 -49.58073 737.64978 -185.41643 -14.84086 751.72205 -150.33160 -79.24523 740.35773 -157.81468 -33.78690 757.34161 -123.42235 -89.70656 742.45428 -134.34541 -38.79819 764.54559 -92.33064 -76.27187 750.83215 -103.51792 -29.35025 764.49658 -78.41513 14.46721 742.33942 -80.75121 30.88533 752.89093 -91.22087 72.91076 769.05139 -181.89702 117.88685 787.20154 -146.46844 120.56869 795.52423 -147.27339 39.69487 773.71051
-188.58133 -49.84445 737.39557 -186.84033 -13.49765 751.62341 -151.19641 -77.23433 740.12958 -158.37891 -32.56121 757.46759 -123.59841 -89.03519 742.61993 -134.92744 -37.95945 764.25214 -92.16798 -73.23547 750.03961 -105.45642 -30.36851 764.02087 -78.04150 12.77003 744.43854 -80.12286 32.62106 751.91138 -91.98794 73.04004 768.92804 -181.38991 118.95169 788.16345 -145.44998 119.59911 794.32397 -147.95654 40.83724 772.44348
-189.60912 -51.87890 738.16638 -186.77884 -13.77819 751.66730 -150.40434 -78.98188 739.48120 -159.43105 -32.54716 757.02246 -122.94326 -87.08451 743.99872 -134.97647 -37.01856 764.34131 -91.40797 -73.20372 750.69598 -104.90952 -28.48262 765.79535 -76.16585 10.70934 741.64624 -80.30522 30.09155 752.73499 -91.78989 72.29971 768.64893 -181.66309 117.52281 786.56512 -146.27330 119.28441 794.10919 -148.13815 40.56089 772.99414
-188.82799 -52.23452 738.26996 -185.99301 -15.75459 751.76099 -149.53488 -79.57181 741.03320 -159.80989 -34.13729 757.83197 -122.13983 -85.42178 745.58142 -134.45699 -37.71196 764.43005 -92.26840 -73.62901 751.02740 -105.30312 -28.92292 765.67047 -78.34383 14.17701 743.35181 -80.66139 32.53093 753.80371 -90.07593 72.55099 769.80829 -181.04022 115.88499 785.94611 -148.36955 118.52296 793.85724 -147.81932 39.12626 773.00592
-189.07353 -51.60012 738.14624 -186.94621 -13.54189 752.82751 -150.21744 -78.70796 740.41913 -159.23270 -33.63696 758.80695 -122.60548 -89.33985 744.33508 -134.24397 -37.32333 765.25256 -93.56644 -74.85564 751.44269 -104.24194 -29.75963 766.05151 -76.49100 11.57408 743.05817 -79.79361 29.47088 751.93512 -91.35739 73.47977 768.38934 -181.92479 118.34909 787.64233 -147.03761 121.10574 795.64099 -147.28256 41.13356 773.67981
-188.80850 -50.93317 738.28430 -186.53828 -14.15083 752.22284 -151.46919 -77.68879 740.24207 -159.26642 -33.21562 758.68127 -123.90978 -90.17174 742.94843 -134.47322 -38.53939 764.50037 -92.63201 -73.70824 749.98035 -103.72754 -30.52848 765.17450 -77.04638 12.41484 743.65393 -79.50967 30.49109 753.07092 -91.95511 72.69741 768.40802 -183.18129 117.27203 787.43317 -146.07144 119.33694 793.35095 -148.01840 39.43724 773.18274
-188.63016 -49.99767 738.84680 -185.75758 -14.04170 752.74451 -149.86551 -77.22349 741.18884 -159.98897 -32.17749 758.68024 -123.65816 -87.27522 744.35779 -135.21338 -37.01826 765.01904 -92.21390 -72.62486 751.00940 -105.91280 -28.09659 766.16968 -77.20659 10.97205 742.61743 -80.60088 30.91569 753.92108 -92.02803 73.15661 768.97736 -181.60493 117.43006 787.18323 -147.27414 119.91607 794.93085 -147.35254 40.57852 773.35193
-189.13057 -53.06021 738.92700 -187.53870 -14.29372 752.86267 -150.65001 -77.71135 740.21167 -158.70566 -33.14796 758.69824 -123.10393 -89.82697 743.78271 -134.25130 -38.11475 765.53009 -91.48384 -72.86720 750.74139 -104.62333 -29.21824 766.13513 -77.94418 11.74702 743.26959 -79.77229 31.61909 753.17218 -92.71790 72.19466 769.10718 -181.85507 117.66866 786.88678 -146.96126 119.66228 795.96729 -148.33865 39.68621 773.95123
-189.14500 -52.74320 738.51996 -187.07056 -16.55806 751.05139 -149.55959 -79.21022 740.64929 -160.38925 -35.71824 758.07361 -122.74232 -88.88451 744.29529 -134.72014 -39.11488 764.98096 -93.65585 -76.51981 751.02246 -104.99977 -29.85795 765.88672 -77.73746 12.12220 742.91467 -80.09210 31.51223 754.77985 -91.98473 72.48271 768.89795 -181.59659 116.70117 786.73132 -147.92987 119.39529 795.24438 -147.98820 39.55017 773.28070
-188.68747 -50.71495 738.71667 -187.28717 -13.90152 753.05902 -150.94421 -79.03554 740.86450 -160.32393 -32.78625 758.99146 -123.53061 -89.10775 744.55206 -134.71193 -38.21704 765.49707 -92.69408 -74.02418 750.67169 -106.13765 -28.89472 766.36456 -77.72941 10.43497 742.15875 -80.74378 31.83012 753.88751 -93.03581 73.91547 768.71234 -182.11725 116.84007 786.82312 -147.51379 119.07844 795.37549 -148.12169 39.79897 774.01880
